resp <- c(1,2,3,4,5,6,7,8,9,10)
mathgrades <- c(1.25,3.00,2.75,3.00,1.75,2.50,3.00,1.50)
compgrades <- c(2.75,3.00,1.00,1.00,2.75,1.50,2.00,1.25,1.75,5.00)